01069
01099
01117
01055
01095
01097
01051
01063
01081
01029
01033
01059
01111
05029
05063
05125
05149
05115
05143
05047
05023
05087
05051
05055
04017
04009
04001
06033
06015
06019
32031
06043
06021
06007
06069
06089
06103
06081
06055
06085
06111
06107
06037
06035
06101
08014
08123
08077
08085
08007
08101
08075
08005
09009
09013
10001
10003
12089
12129
12093
12111
12047
12033
12085
12079
12099
12063
12086
12095
12005
12097
12073
12041
12061
13089
13289
13143
13205
13057
13045
13213
13295
13287
13137
13241
13217
13175
13237
13123
13225
13255
13157
13067
13151
13035
13297
13321
13153
13107
13027
13115
13227
13189
13277
13257
13083
13039
19079
19125
19099
27047
19061
19167
19121
19105
16055
16053
16001
17039
17055
17091
17073
17135
17095
17109
17197
17199
17063
17165
17007
17051
17173
17167
17157
17021
18151
18105
18179
18173
18019
18061
18089
18149
18063
18003
18175
18133
18059
18069
18111
18109
18001
18129
18057
18103
18075
18073
18147
18049
18141
18167
18127
18045
18083
20021
20111
20005
20061
20045
20191
20079
20091
20121
20169
20103
20059
20173
21179
21203
21177
21199
21209
21183
21221
21143
21017
21107
21113
21151
21093
21003
21215
21049
22015
22007
22055
22013
22119
22077
22097
22043
22011
22083
22031
22019
22093
22063
22073
25003
25015
25009
25027
25021
24019
24035
24001
24017
24037
24041
24015
24045
23011
23009
23007
23017
23013
23023
26057
26007
26161
26087
26063
26009
26061
26049
26081
26103
26075
26077
26065
26111
26115
26143
26127
26037
26139
27141
27097
27171
27061
27153
27137
27111
27085
27039
27079
27103
27163
27105
27109
27037
27009
27019
27067
27169
29209
29097
29031
29145
29047
29069
29001
29007
29043
29003
29201
29055
29175
29113
29071
29009
28045
28121
28163
28003
28139
28067
28127
28137
28089
28113
28023
28033
28073
28131
28105
28149
30081
30063
37031
37033
37019
37175
37063
37001
37181
37185
37135
37107
37103
37193
37065
37093
37183
37115
37105
37003
37061
37087
37173
37195
37197
38017
27119
38035
38093
31067
31043
31055
31157
31159
31131
31185
33001
33017
33009
34007
34039
34015
34021
34011
34003
34013
34033
35035
35027
35015
35041
35037
35025
35005
35053
32001
32005
06027
32007
36001
36073
36025
36011
36083
36037
36103
36069
36089
36047
36035
36109
36107
36029
36017
36065
36099
36085
36095
36121
39005
39033
39055
39129
39153
39135
54053
39015
39017
39071
39035
39065
39003
39131
39167
39101
39103
39171
39083
39117
39077
39123
39093
39125
39043
39087
39147
39175
39011
39001
39081
40019
40147
40113
40073
40083
40031
40081
40069
40101
40037
40133
40109
40099
40049
40035
41011
41017
41029
41067
41043
41051
41061
41031
41047
41057
41009
42013
42037
42019
42047
42051
42109
42001
42029
42103
42127
42061
42091
42117
42043
42039
42045
42095
42073
42121
42067
42065
42111
42097
42089
42123
42133
44005
44007
45001
37165
45011
45019
45079
45021
45043
45045
45059
45063
45027
45015
45075
45035
45053
45037
46103
46013
46093
46029
47069
47167
05093
47085
47005
47011
47119
47097
47051
47045
47187
47019
47013
47163
47145
47093
47117
47039
47105
47031
47177
47149
47029
47001
47073
47071
47143
48025
48027
48227
48147
48065
48049
48053
48051
48467
48359
48093
48349
48209
48239
48099
48459
48425
48177
48221
48231
48293
48285
48193
48401
48005
48185
48031
48257
48273
48055
48183
48303
48213
48329
48399
48347
48163
48135
48461
48361
48179
48499
48157
48029
48189
48253
48353
48035
48139
48219
49051
49019
49045
49053
51007
51173
51117
51023
51149
51047
51059
51175
51033
51031
51183
51099
51107
51113
51153
51197
51001
51137
51065
51145
51067
51161
51083
51061
51069
50003
50005
50001
50023
50015
50025
53035
53073
53025
53041
53001
53045
53077
55075
55005
55127
55035
55039
55001
55049
55027
55033
55045
55021
55111
55085
55097
55081
55133
55131
54033
54007
21019
54055
54061
54051
54011
54107
56029
56005
56037
